---
password: 74f9fd9ef8aab3b803b1c1cb4f0ad0e943a53eb12b2cc5ae3dc24b9a5230fd62
ip: 14.231.136.226
firstlogin: 1520088341910.000000
lastlogin: 1522150376547.000000
...
