---
password: 3805a2bb48718f2c246db0bced80db4dcc96e821b71ddc28a85431aeb7bd5c6c
ip: 14.183.4.54
firstlogin: 1518967058148.000000
lastlogin: 1518967058149.000000
...
