---
password: 850a481341646a6a5082f131a7b0ea913bfffd010dc7245176e28ce2900fbcab
ip: 112.197.82.38
firstlogin: 1521975797877.000000
lastlogin: 1521975797878.000000
...
