---
password: 90842c08794c3a52440115440be059c5f9b4dc1f7766d02a4818534bb856e0b1
ip: 14.175.43.248
firstlogin: 1519557268606.000000
lastlogin: 1519557268607.000000
...
