---
password: 5566670cae1a8158b0c90d71e315a6061a3ad423881956abeb556dae39e6d24a
ip: 27.78.81.64
firstlogin: 1521806797641.000000
lastlogin: 1522074601363.000000
...
