---
password: 9970626666560a32465d4ce10d28f3233365af833e15eed59884d9477862c379
ip: 82.79.34.39
firstlogin: 1518785412612.000000
lastlogin: 1518879246270.000000
...
