---
password: 322b9ad4a06bbe0c84c2d4bbb6f6bbb5b1891e609e5888f0d11f6474c937b1c0
ip: 14.166.3.123
firstlogin: 1519812821607.000000
lastlogin: 1519901923763.000000
...
