---
password: 8e8822390a08ed0d06a1b1db5412bbca5051c68579f91fce916e09faac863d0f
ip: 42.112.239.59
firstlogin: 1521713203508.000000
lastlogin: 1522233111984.000000
...
