---
password: 911d2333b4505fab99d54aba271fe4070b98281c7af5c2ef0ce41e4972d260c2
ip: 14.173.189.78
firstlogin: 1521877850732.000000
lastlogin: 1521877850733.000000
...
