---
password: 45b6c350c801b7b441e0cd9a4d796bae7b031288a8349c9bdd6989e9673eee08
ip: 42.113.195.16
firstlogin: 1519539403590.000000
lastlogin: 1519539403591.000000
...
