---
password: 3022ab5b11ded1ae4f492201c171be8b47d03d858418186fe3c7c4930659df4b
ip: 171.253.186.7
firstlogin: 1522247559767.000000
lastlogin: 1522247559768.000000
...
