---
password: 8981720a2155adb772983b20014855b4a7618a1137f72f92da6378266d03716d
ip: 83.26.250.169
firstlogin: 1519146471295.000000
lastlogin: 1519146489202.000000
...
