---
password: 95254d27c960baa3b3134659beb4bbc3ffcf8d71ed1a11d33bcb4537c3e3df38
ip: 176.33.240.160
firstlogin: 1521721684307.000000
lastlogin: 1521721684309.000000
...
