---
password: 32b91818eecbf4c9700bcb75a49594c3285d2842170502db4a590d1e577fec26
ip: 89.141.14.237
firstlogin: 1522152877066.000000
lastlogin: 1522152877067.000000
...
