---
password: 8b444d9542525306f57f1c6a567d19d8dee851f8a725d84ad2e513efdddabe03
ip: 42.112.90.5
firstlogin: 1519288968522.000000
lastlogin: 1519288968523.000000
...
