---
password: 03e295d2e80b967b76b10de0d1fb361f8983eaf938c37ed7646c72f548807ce9
ip: 37.191.16.128
firstlogin: 1518881811318.000000
lastlogin: 1518881811318.000000
...
