---
password: 6ccb9fb7ca0704c0104f1254d977e463b9355e1cb286c7c97bddf157324d9937
ip: 123.24.214.168
firstlogin: 1522071944125.000000
lastlogin: 1522071944127.000000
...
