---
password: 6ccb9fb7ca0704c0104f1254d977e463b9355e1cb286c7c97bddf157324d9937
ip: 123.16.73.97
firstlogin: 1519813375562.000000
lastlogin: 1519831659806.000000
...
