---
password: 4508a3aff798728e109024a80a63fad21bf925085467a9bb13d75511a40663c9
ip: 171.239.221.12
firstlogin: 1519569082671.000000
lastlogin: 1520755188167.000000
...
