---
password: 997dbf377ec3a9dfa8f872db38117de0f5dfb8d1d324e66f2fd5644cd84ebf25
ip: 115.75.233.105
firstlogin: 1519611266636.000000
lastlogin: 1519611266639.000000
...
