---
password: 77392ec897b5f94de87abbb9474646dd360fb69f12511e2198723cf7805f0d05
ip: 171.246.109.22
firstlogin: 1521813316330.000000
lastlogin: 1521813316331.000000
...
