---
password: 811eb81b9d11d65a36c53c3ebdb738ee303403cb79d781ccf4b40764e0a9d12a
ip: 171.253.187.13
firstlogin: 1518970043702.000000
lastlogin: 1519379747860.000000
...
