---
password: 319b3fdd9faa11db3c8b59e7137c2a9b3839a216ac21e11c7fb525dedf2d3f72
ip: 187.250.215.39
firstlogin: 1522006135637.000000
lastlogin: 1522006135639.000000
...
