---
password: 02b879fda3ab7d404055f9ce1916dc46ae20df7b9eb0fb6213653d5db66a72b0
ip: 14.183.199.176
firstlogin: 1519269458361.000000
lastlogin: 1519875145028.000000
...
