---
password: 73c64b0c07f5f5565cd71d1c2fc2effa7e361bfda504466e7779ec1a6af8ceca
ip: 143.137.112.65
firstlogin: 1518657488527.000000
lastlogin: 1518657488528.000000
...
