---
password: 5e884898da28047151d0e56f8dc6292773603d0d6aabbdd62a11ef721d1542d8
ip: 58.187.81.234
firstlogin: 1521761217314.000000
lastlogin: 1521761222958.000000
...
