---
password: 1477af9d0326eebda17637aa2beea23ebcbba48c1ae95268b064425c31b77af8
ip: 171.240.140.197
firstlogin: 1519785419764.000000
lastlogin: 1519830765322.000000
...
