---
password: 9af4b922d20756d2c0de2158f5c33ee59b4083d3e878027a0db881f75d0fcd22
ip: 183.80.57.23
firstlogin: 1519289755774.000000
lastlogin: 1520735328332.000000
...
