---
password: 55a5e9e78207b4df8699d60886fa070079463547b095d1a05bc719bb4e6cd251
ip: 187.112.1.18
firstlogin: 1518884414869.000000
lastlogin: 1518884414870.000000
...
