---
password: 5d1484cc0126662de439cfcde136444c201a6ba11d854eb5c78f46db91d4ee29
ip: 171.253.132.6
firstlogin: 1519481888809.000000
lastlogin: 1519913550600.000000
...
