---
password: 5bcc523b708d16b4f14e1242a48104bce88da2b95b1dda88fc436098d06f36fb
ip: 113.181.115.157
firstlogin: 1519820378562.000000
lastlogin: 1521804235533.000000
...
