---
password: 8e8822390a08ed0d06a1b1db5412bbca5051c68579f91fce916e09faac863d0f
ip: 42.113.193.208
firstlogin: 1521652223141.000000
lastlogin: 1521652223143.000000
...
