---
password: 6ccb9fb7ca0704c0104f1254d977e463b9355e1cb286c7c97bddf157324d9937
ip: 123.24.214.168
firstlogin: 1519230624996.000000
lastlogin: 1521805098505.000000
...
