---
password: 282ce28ed1c156d60b00506b53e4f0286adbcee53739a2dc4a87fe80a4b44cd0
ip: 42.114.126.17
firstlogin: 1519523995758.000000
lastlogin: 1519523995768.000000
...
