---
password: 17756315ebd47b7110359fc7b168179bf6f2df3646fcc888bc8aa05c78b38ac1
ip: 171.240.229.147
firstlogin: 1520725780494.000000
lastlogin: 1520725780495.000000
...
