---
password: 7555a7dc4c7b57df55084ace3df2f0f0f05f2dba2d590c291e1f07f2ed8f347a
ip: 123.25.226.183
firstlogin: 1521627728463.000000
lastlogin: 1521627728464.000000
...
