---
password: 5600715f42bf51c40dc330d750cd996f58fead4ddea56466ce7498d17801b3a5
ip: 118.68.165.60
firstlogin: 1519555297055.000000
lastlogin: 1522072456497.000000
...
