---
password: 69e3198d542bdb1a5c04e7fa6c2871fa4c99efdfde02d41c4e2a726d60e43101
ip: 91.1.64.150
firstlogin: 1519367345426.000000
lastlogin: 1519367345428.000000
...
