---
password: 15e2b0d3c33891ebb0f1ef609ec419420c20e320ce94c65fbc8c3312448eb225
ip: 113.170.155.121
firstlogin: 1520140744448.000000
lastlogin: 1520168608054.000000
...
