---
password: 12a11886114751cb34d10d1bbff0588422815f22fb225486d36cb32f6276d2b6
ip: 1.55.178.10
firstlogin: 1521945872839.000000
lastlogin: 1521945872840.000000
...
