---
password: 4cd823a7b39070ae0cb034f21decc7c6d8806e4469543e8df334da0865f1f77d
ip: 193.106.124.144
firstlogin: 1519358619238.000000
lastlogin: 1519358619239.000000
...
