---
password: 87f68703e163e2eedecc805a40bc02d56ef60799ce6bb80c3188993ce19eeae5
ip: 115.74.174.30
firstlogin: 1522066289959.000000
lastlogin: 1522066289960.000000
...
