---
password: 3ceba44d0de4c7162abe02ec68464c0b51ea94d4d8369036e87bc32671f0c56a
ip: 113.189.165.119
firstlogin: 1519475346999.000000
lastlogin: 1519475364765.000000
...
