---
password: 79632a483a3f92a9dc198d8564e4d68023f4c37252678d76fb7c8da0295331dc
ip: 14.185.124.189
firstlogin: 1519534902124.000000
lastlogin: 1519702848392.000000
...
