---
password: 9c72627b447d0d6059ec1f02a4711ce53a6cbe01bb1c4db9a0fc22a60bc2e354
ip: 14.167.138.11
firstlogin: 1519621806879.000000
lastlogin: 1519621806880.000000
...
