---
password: 1991eb03102e495a4361590954597e0353502f3d4733fab3d2d6d7cbd8b8b99f
ip: 123.19.134.148
firstlogin: 1519623632913.000000
lastlogin: 1519623632917.000000
...
