---
password: 8b51f7dba05ab91482c1ef944b01a0cd19b385785c883f0c8b554e3d154d3164
ip: 42.112.158.247
firstlogin: 1519873103188.000000
lastlogin: 1520738459170.000000
...
