---
password: 86917b64508951bce651674d91b97d5f2c45f9b16c3675b6d210032a0e5010ec
ip: 14.186.195.55
firstlogin: 1521887478624.000000
lastlogin: 1521887478625.000000
...
