---
password: 3ab301dd02fa5643b1ca31fd2a5ec2d1e79c2eb46280f6ccf869b971f09da56d
ip: 14.242.190.235
firstlogin: 1519470983286.000000
lastlogin: 1519470983287.000000
...
