---
password: 6ea2bcdf13097487fb8dfdb868ef4a1a6ee71eb54e4b00dd47ec071fb07e8ca6
ip: 42.113.195.16
firstlogin: 1518621500199.000000
lastlogin: 1519546887712.000000
...
