---
password: 7a056c5357e77194ee2842fcce6df703b65683897e3d36bd93095d038f0d8a35
ip: 14.187.182.119
firstlogin: 1519302222879.000000
lastlogin: 1519302228931.000000
...
