---
password: 33e15d532bc4adeecf1b1c6bd89ff57d76eccb53f7a1b3b5a4fd95e7314c6199
ip: 138.0.114.46
firstlogin: 1519393922007.000000
lastlogin: 1519393922010.000000
...
