---
password: 46fafb6bac3b1bd94a9457182abc6bfefc41843d207500e4a5e7ba09bdac1b60
ip: 202.153.81.88
firstlogin: 1522184531706.000000
lastlogin: 1522184531707.000000
...
