---
password: 5143250b314b08fda2ca89b1f930d4c859d7787e704f89329ec75aa709439d9f
ip: 123.22.53.208
firstlogin: 1522123662700.000000
lastlogin: 1522123662701.000000
...
