---
password: 8bb0cf6eb9b17d0f7d22b456f121257dc1254e1f01665370476383ea776df414
ip: 171.246.40.233
firstlogin: 1519238911499.000000
lastlogin: 1519238911501.000000
...
