---
password: 1b5b2f5faa754ad32e25a0b0998c7d6614d392f94a2ab59c686208d5e603407e
ip: 116.108.207.115
firstlogin: 1519570350471.000000
lastlogin: 1520170739992.000000
...
