---
password: 3145b66a61b427edba4515be616d2bd00961d19350b942150465feb551ba4daa
ip: 188.153.5.192
firstlogin: 1518809273682.000000
lastlogin: 1519460752117.000000
...
