---
password: 2a8680f7231de19645dc9be1c0de9467bf33d4fdb22aba847ed7b0230bd3ee14
ip: 112.197.82.62
firstlogin: 1520165743122.000000
lastlogin: 1520165743125.000000
...
