---
password: 1c18e0588ee857da437dfc8fd52c1a25e290bc1b790a84ef3174a36ce861f8f4
ip: 46.169.247.86
firstlogin: 1522160054560.000000
lastlogin: 1522160054562.000000
...
