---
password: 15e2b0d3c33891ebb0f1ef609ec419420c20e320ce94c65fbc8c3312448eb225
ip: 27.65.3.238
firstlogin: 1521725972899.000000
lastlogin: 1521726016508.000000
...
