---
password: 885f88119ba6cbd9d5c8530b349e7a068250e8261af3085a71d494bf1edab00e
ip: 1.55.189.88
firstlogin: 1519449533417.000000
lastlogin: 1520085279849.000000
...
