---
password: 5bcc523b708d16b4f14e1242a48104bce88da2b95b1dda88fc436098d06f36fb
ip: 14.181.205.202
firstlogin: 1519899124143.000000
lastlogin: 1519899124145.000000
...
