---
password: 3176856fde706edf50bb4a027747b1834aa853b17e67692c7c065f0ed156f619
ip: 1.55.178.11
firstlogin: 1519480458464.000000
lastlogin: 1519546768644.000000
...
