---
password: 67dc17f6dd2e1fa1214740de07a0746e165542001422e641f20fea171816323f
ip: 171.228.194.234
firstlogin: 1519451038155.000000
lastlogin: 1520170971885.000000
...
