---
password: 67dc17f6dd2e1fa1214740de07a0746e165542001422e641f20fea171816323f
ip: 14.166.225.112
firstlogin: 1519391539411.000000
lastlogin: 1519391553901.000000
...
