---
password: 691e4b28bd10b363c1603c4a304448f787525f8d6515c70ed098676bcc203b67
ip: 88.251.252.50
firstlogin: 1521974172977.000000
lastlogin: 1521974172978.000000
...
