---
password: 728660bd8e4b5b1831e5c87a3e9864927d1d3a061043849ab4a0cb4831819029
ip: 14.164.236.241
firstlogin: 1519389858363.000000
lastlogin: 1519649550264.000000
...
