---
password: 559bd7c60d72e2051c0ac6e3e1d537f4f7eab7ac65cff1bf26b227c04705ba59
ip: 152.172.177.114
firstlogin: 1519169559533.000000
lastlogin: 1519169559535.000000
...
