---
password: 006b4142e0c0ac96896daa11701726e0b2470ff80e9b8fd87ab226e07285fc4c
ip: 14.240.114.7
firstlogin: 1522221817218.000000
lastlogin: 1522221817219.000000
...
