---
password: 3f5ea62372e251858cacf4440b0735a6a5b3563be3020e4f82c723a88b80b3bb
ip: 203.205.24.29
firstlogin: 1522136440728.000000
lastlogin: 1522136440730.000000
...
