---
password: 0d3682a8b7df14444c2eaaa6935c836ef0948cceceb3226404b838151f0850fe
ip: 171.227.96.104
firstlogin: 1520091276430.000000
lastlogin: 1520091276431.000000
...
