---
password: 62b99c3b6924d067e10d981fda4387e35a1f32c1c86ea3ddb9ce440228ea0341
ip: 5.36.145.9
firstlogin: 1522325108859.000000
lastlogin: 1522325108861.000000
...
