---
password: 9dc7a4b1057a18b67135dbecb4b5bc80267549f3c93e1f2864d199b30c8331b0
ip: 92.87.41.44
firstlogin: 1521976273982.000000
lastlogin: 1521976273983.000000
...
