---
password: 36457aafdaf51816f20d93aa9bec6507c932b98c4c32d5b4f6bcc2210585b301
ip: 88.153.0.147
firstlogin: 1518886938220.000000
lastlogin: 1518886938221.000000
...
