---
password: 9861a0cea418fbfcf12f207e677e0cb4bdfbcaef9592cd2eda5ccdad2f506980
ip: 201.35.5.82
firstlogin: 1518730261959.000000
lastlogin: 1518730261972.000000
...
