---
password: 5b357699c76f6462578d0fc884149011c2f17be5ec8c4ca44483aafbd1c16537
ip: 94.61.67.245
firstlogin: 1518639075487.000000
lastlogin: 1518639075488.000000
...
