---
password: 1b5b2f5faa754ad32e25a0b0998c7d6614d392f94a2ab59c686208d5e603407e
ip: 116.108.181.178
firstlogin: 1519170881332.000000
lastlogin: 1519284734095.000000
...
