---
password: 6917fa741761867126b7ff56f2bdffe9fbf286d57868e902d4ac80b7ce5fa6af
ip: 84.25.123.167
firstlogin: 1519594095553.000000
lastlogin: 1519594095554.000000
...
