---
password: 22d36bdbb823d8d4795adabd72a50111869478bdf0196ea050ba97b151d12a4f
ip: 108.234.235.99
firstlogin: 1519616941586.000000
lastlogin: 1519699282557.000000
...
