---
password: 3102859ebaa2353c02b91c7783b32ef43820318a7d547e049ae2356d2728ab2b
ip: 128.201.76.250
firstlogin: 1518816189879.000000
lastlogin: 1518816189880.000000
...
