---
password: 1b8739ab45dd9b10999def01989d5260d9090957dcd048d682dba98ed2d1001a
ip: 171.233.241.6
firstlogin: 1519190608878.000000
lastlogin: 1519993475243.000000
...
