---
password: 37c96dedba6b4adb35719a67f1bfb209311231d6f62e1a98330f897e9a5c42c1
ip: 171.228.250.138
firstlogin: 1521744556197.000000
lastlogin: 1522081221994.000000
...
