---
password: 64668785bd149086ef70d73b1655d5947de41c1066b7dd09dc8f3aa2723a40be
ip: 176.12.115.255
firstlogin: 1519652276456.000000
lastlogin: 1519831079419.000000
...
