---
password: 868dca15dafc619c56552b46cdc2ff0bddcfac33d0c2db106a74e2a2bcb39a72
ip: 171.245.28.112
firstlogin: 1519999040181.000000
lastlogin: 1519999040182.000000
...
