---
password: 8a9bcf1e51e812d0af8465a8dbcc9f741064bf0af3b3d08e6b0246437c19f7fb
ip: 123.22.131.132
firstlogin: 1519993095977.000000
lastlogin: 1521696459940.000000
...
