---
password: 7b3701f853acd830357d460cc8386c5b42d0181c2e9c0f79fbe3750d9b481fbb
ip: 14.161.118.35
firstlogin: 1519996704462.000000
lastlogin: 1519996704464.000000
...
