---
password: 65e738d10f8623ff211d4ddd820e5337e3a5468f24435865e4383f736139a725
ip: 113.174.63.29
firstlogin: 1520128154801.000000
lastlogin: 1520128182330.000000
...
