---
password: 50849bef180e461d4cc630a5f713f93bf39cc754a5fe6c01901ac88571ad6c05
ip: 42.114.9.115
firstlogin: 1520757175546.000000
lastlogin: 1522070958931.000000
...
