---
password: 6950b72188f86beae4c7654ef6c0cf3c4018af790adcacbe01cc5f81da112045
ip: 120.188.75.29
firstlogin: 1518887992315.000000
lastlogin: 1518887992316.000000
...
