---
password: 344925c75641f1f728bee217e348a934c9fd23ab8426c74eb3d619be1612968e
ip: 27.70.206.128
firstlogin: 1518696107807.000000
lastlogin: 1518696107808.000000
...
