---
password: 6c5c322c77544d54f363fff6f9070c6043727d00d69099696f2888dfec5c92f4
ip: 42.112.90.5
firstlogin: 1519527144055.000000
lastlogin: 1519527144055.000000
...
