---
password: 3af5e06efa9bcf2a29c004546db76f54867f91f91cc775591daaa3ccf8c987cb
ip: 188.146.38.224
firstlogin: 1519574711667.000000
lastlogin: 1519574711668.000000
...
