---
password: 321bfbce0325a6e4e38117f33d5929ec25b90486d045ad39514d08126eb92a88
ip: 185.106.29.74
firstlogin: 1519058970239.000000
lastlogin: 1519058970241.000000
...
