---
password: 8bc845b72da82eff09bcf337021bc1690d38b6eee460bdc4eb2cdcf514920f52
ip: 1.55.92.117
firstlogin: 1519451373952.000000
lastlogin: 1520078480623.000000
...
