---
password: 95761135b496ee399ade98cde04008b70d5ef485e90bc95933a813d4ca95701c
ip: 183.80.227.222
firstlogin: 1519476136314.000000
lastlogin: 1519476136316.000000
...
