---
password: 9af4b922d20756d2c0de2158f5c33ee59b4083d3e878027a0db881f75d0fcd22
ip: 1.53.46.93
firstlogin: 1519645623059.000000
lastlogin: 1519645623063.000000
...
