---
password: 5e884898da28047151d0e56f8dc6292773603d0d6aabbdd62a11ef721d1542d8
ip: 93.65.252.180
firstlogin: 1520703782888.000000
lastlogin: 1520703782888.000000
...
