---
password: 1ca94b2bd98c6f32e2eab5b974913f9396ae911f85459da4b3376e03ecd74a24
ip: 113.182.127.130
firstlogin: 1519173514462.000000
lastlogin: 1519173514463.000000
...
