---
password: 30f1ddf8aca81a81a08be5a49225f2a54de52fe42dc4f2af39a0a5fa445d68b2
ip: 14.183.120.34
firstlogin: 1520755998914.000000
lastlogin: 1520755998915.000000
...
