---
password: 316c01377d65286dee79a760e0c2cd3ce3d1820554325b2da5c5ee3fee319c8d
ip: 59.153.234.89
firstlogin: 1520752638418.000000
lastlogin: 1520752638419.000000
...
