---
password: 2ba69f6614ba0e37dee6b788ecf6306fc6636c6e06184aad9525f8148e5745b6
ip: 14.167.86.192
firstlogin: 1519888767516.000000
lastlogin: 1519888767573.000000
...
