---
password: 728660bd8e4b5b1831e5c87a3e9864927d1d3a061043849ab4a0cb4831819029
ip: 14.191.224.71
firstlogin: 1519390377825.000000
lastlogin: 1519390377826.000000
...
