---
password: 48e8c32e09cc4a2a5b279db61cc8c6ab1c287c9b9a036586b11c91a0971c690c
ip: 222.254.227.250
firstlogin: 1519452986659.000000
lastlogin: 1520162898073.000000
...
