---
password: 826b9a0a4f23c2fa97431a85772d2106094bf6fc268ceaa4ca2d4a393d018f97
ip: 171.246.109.22
firstlogin: 1520731344130.000000
lastlogin: 1520731344131.000000
...
