---
password: 9fd058450d46e1f8bb7e330116b3efabe78b506798da08b585579581c8d00ed9
ip: 14.186.241.185
firstlogin: 1519392677465.000000
lastlogin: 1519392677469.000000
...
