---
password: 4107b8289bb44001d08475214f8189e3a4a27aa21d397f78e405c75f127c1650
ip: 14.186.154.166
firstlogin: 1519264231428.000000
lastlogin: 1521724420782.000000
...
