---
password: 9f46d0a8f73be0e41e00c1ab0990ccc6aef983c2d9c796d34c335dabfcb23e56
ip: 96.43.249.176
firstlogin: 1519287125746.000000
lastlogin: 1519287125747.000000
...
