---
password: 8a47377cc9ea263e7aabb09dd554179758e07968ddb66bdd6cf639b32bc94f2c
ip: 14.242.17.247
firstlogin: 1518880934065.000000
lastlogin: 1518880934066.000000
...
