---
password: 38cc4b488050913a23893e4afafe160df33bbb951d07acc4ba92e53a94c62ab9
ip: 14.173.84.54
firstlogin: 1519364841330.000000
lastlogin: 1519542376445.000000
...
