---
password: 316c01377d65286dee79a760e0c2cd3ce3d1820554325b2da5c5ee3fee319c8d
ip: 59.153.233.190
firstlogin: 1519872882591.000000
lastlogin: 1519872882592.000000
...
