---
password: 0362795b2ee7235b3b4d28f0698a85366703eacf0ba4085796ffd980d7653337
ip: 185.95.204.120
firstlogin: 1518887015406.000000
lastlogin: 1518887015407.000000
...
