---
password: 6604cbd667fd96bb55f321785b09c64464f05b0d6ac73a70b065e40527e2a5f2
ip: 92.80.123.120
firstlogin: 1521649989238.000000
lastlogin: 1521649989240.000000
...
