---
password: 63640264849a87c90356129d99ea165e37aa5fabc1fea46906df1a7ca50db492
ip: 27.77.4.250
firstlogin: 1521805354711.000000
lastlogin: 1521805383452.000000
...
