---
password: 3c7327091724e3d3582c2748c8eba5bb563e40ef2e19b2a042e4f72e6fb642fc
ip: 27.34.104.131
firstlogin: 1519452319799.000000
lastlogin: 1519452332626.000000
...
