---
password: 7f8efbe89cb3f69099576f207ea21bbe51cb2dc5a5664c2abe0a91738ea07a8d
ip: 1.55.4.140
firstlogin: 1519812564966.000000
lastlogin: 1519831084416.000000
...
