---
password: 84c9372d085691fb97358c36ba723ba0affd69d1956fec3c814a8cae5f426f9c
ip: 177.75.120.34
firstlogin: 1518664894271.000000
lastlogin: 1518664894279.000000
...
