---
password: 862d444869d8871ae43a35929652e5e6997029bc69df337c25d36939eaaca90d
ip: 113.190.253.220
firstlogin: 1519384780194.000000
lastlogin: 1519384780195.000000
...
