---
password: 862d444869d8871ae43a35929652e5e6997029bc69df337c25d36939eaaca90d
ip: 1.55.132.56
firstlogin: 1519385619316.000000
lastlogin: 1520171673647.000000
...
