---
password: 1edd64a8dc5c6b9711c961538b8caf7000e4e2376c932150b7205d4e93affc83
ip: 177.133.68.233
firstlogin: 1518845958799.000000
lastlogin: 1518981665427.000000
...
