---
password: 8bb0cf6eb9b17d0f7d22b456f121257dc1254e1f01665370476383ea776df414
ip: 14.244.123.145
firstlogin: 1519383623556.000000
lastlogin: 1519433345736.000000
...
