---
password: 76ce1a51fa6f38fbf49edb477d91fb7e2a190006b73e8e68ef65a18792c74ebb
ip: 112.201.52.17
firstlogin: 1519568084529.000000
lastlogin: 1519568093007.000000
...
