---
password: 77392ec897b5f94de87abbb9474646dd360fb69f12511e2198723cf7805f0d05
ip: 171.246.109.22
firstlogin: 1519450361904.000000
lastlogin: 1520747979080.000000
...
