---
password: 15f47098b8cc0a692de52637dca8b2379c89b01918c70182f6b2feab66d0cd08
ip: 113.174.63.29
firstlogin: 1519993362474.000000
lastlogin: 1520128356416.000000
...
