---
password: 8b0a357d1088fb714000721e597b4eeb68b6bd025ad9dd7462d921b87a805dbd
ip: 173.35.120.19
firstlogin: 1521958755237.000000
lastlogin: 1521958755240.000000
...
