---
password: 322b9ad4a06bbe0c84c2d4bbb6f6bbb5b1891e609e5888f0d11f6474c937b1c0
ip: 27.67.47.250
firstlogin: 1519112302778.000000
lastlogin: 1519397193073.000000
...
