---
password: 8a47377cc9ea263e7aabb09dd554179758e07968ddb66bdd6cf639b32bc94f2c
ip: 123.25.246.121
firstlogin: 1521801171395.000000
lastlogin: 1521801171396.000000
...
