---
password: 28d1a072e6397f715814154856e1ffc29e297c8cd7fa19c5389625aaefc34022
ip: 173.35.120.19
firstlogin: 1521958805579.000000
lastlogin: 1521958825496.000000
...
