---
password: 8a47377cc9ea263e7aabb09dd554179758e07968ddb66bdd6cf639b32bc94f2c
ip: 113.169.170.202
firstlogin: 1522119863937.000000
lastlogin: 1522145457138.000000
...
