---
password: 7391eba07ae8724ff28c1f6f01cb5be0afb3cf6efdee1474b37015730a9116fc
ip: 92.241.35.67
firstlogin: 1519058972581.000000
lastlogin: 1519058972581.000000
...
