---
password: 218d0a01e129db11dd1bd6483402084d744d24e65a2a17804d94ed22e43e073a
ip: 171.248.145.74
firstlogin: 1519473825651.000000
lastlogin: 1519473825653.000000
...
