---
password: 316c01377d65286dee79a760e0c2cd3ce3d1820554325b2da5c5ee3fee319c8d
ip: 59.153.241.226
firstlogin: 1519190947816.000000
lastlogin: 1519190947817.000000
...
