---
password: 6f01d292e9f97c462e8a5a981f9b89f582950f2e2a05bacf0ef23d9c3a516fbc
ip: 201.6.134.228
firstlogin: 1519226980160.000000
lastlogin: 1519227012465.000000
...
