---
password: 15e2b0d3c33891ebb0f1ef609ec419420c20e320ce94c65fbc8c3312448eb225
ip: 115.74.162.120
firstlogin: 1521813289175.000000
lastlogin: 1521813289176.000000
...
