---
password: 316c01377d65286dee79a760e0c2cd3ce3d1820554325b2da5c5ee3fee319c8d
ip: 14.236.149.188
firstlogin: 1520048450588.000000
lastlogin: 1520048450589.000000
...
