---
password: 72605c6635df81bd33b11cc71a36d795d5dec90a84df3a7ce64a1db468e92397
ip: 14.234.144.68
firstlogin: 1519373691319.000000
lastlogin: 1520688827847.000000
...
