---
password: 75ecf2ec4c678883db7beff436c97a44a7d6b0050750de3e88013fb1f0fad0c3
ip: 14.161.194.181
firstlogin: 1521894028814.000000
lastlogin: 1521936289192.000000
...
