---
password: 07d00d91e7c9e145fd55bb7f63457570b7f84468ac6397509c7610181bb3418a
ip: 103.199.33.64
firstlogin: 1521602707176.000000
lastlogin: 1521715035309.000000
...
