---
password: 1168b100ebf24b24fffba98936f0bfa1305c11189189c6937d4731b096eba17e
ip: 14.191.86.236
firstlogin: 1519561899916.000000
lastlogin: 1520687920436.000000
...
