---
password: 18aff5b07ae393e404c3d0bfb73b77b24fc52797eeeaf7ca5eb227a2635654df
ip: 171.253.19.27
firstlogin: 1519092118553.000000
lastlogin: 1519092138203.000000
...
