---
password: 18aff5b07ae393e404c3d0bfb73b77b24fc52797eeeaf7ca5eb227a2635654df
ip: 171.253.33.169
firstlogin: 1519279913149.000000
lastlogin: 1520727083141.000000
...
