---
password: 2ad137b5b2801039615236cb1adc71a0acd6bec688be3437070f2657adf9f875
ip: 116.101.111.212
firstlogin: 1521693361405.000000
lastlogin: 1521778914931.000000
...
