---
password: 15e2b0d3c33891ebb0f1ef609ec419420c20e320ce94c65fbc8c3312448eb225
ip: 1.52.33.121
firstlogin: 1519800395729.000000
lastlogin: 1519800395729.000000
...
