---
password: 53cfdcaac3787e912df4bedf0b80e20b72b8954868ee97114fa953a4453abd5b
ip: 201.143.30.242
firstlogin: 1519427044334.000000
lastlogin: 1519427047366.000000
...
