---
password: 34447110a888b3853bbdaeb1b2d0b6508f5f025f3f0ec4a5f6b3c095a3cf8357
ip: 89.47.234.213
firstlogin: 1522397925577.000000
lastlogin: 1522397925591.000000
...
