---
password: 28ad9b1993d47fdf4a8ade7c9566f523084f2750254690e320871974ac22dd88
ip: 14.171.161.135
firstlogin: 1521629459501.000000
lastlogin: 1521629459502.000000
...
