---
password: 0b3a498458b6d01cd1887ff86d22b72753f80b559f39468f45f7d7dfb5bb6d8e
ip: 113.23.52.174
firstlogin: 1521812532438.000000
lastlogin: 1522212998962.000000
...
