---
password: 15e2b0d3c33891ebb0f1ef609ec419420c20e320ce94c65fbc8c3312448eb225
ip: 116.99.66.196
firstlogin: 1520155095883.000000
lastlogin: 1520155095894.000000
...
