---
password: 6af82fa76cd4743a53286ceff2e26de05b9eb294acf3381df70a72a6df7692c1
ip: 14.186.162.32
firstlogin: 1519579465365.000000
lastlogin: 1519646036942.000000
...
