---
password: 97a39f5dc726b5449bc37233fab2f1ac1972e8ad134a11a379892ec1bf5bb7c5
ip: 31.18.253.113
firstlogin: 1519506762926.000000
lastlogin: 1519506762927.000000
...
