---
password: 4e102e00999645b30c6a7633788d346271c2cb75774357db619eacb1e5624d00
ip: 177.42.109.204
firstlogin: 1519914737600.000000
lastlogin: 1519914737603.000000
...
