---
password: 2e757e7c5e41014d9548ea9e84f620ebe1ce6d5b216b1d9474407980c1a0570e
ip: 86.120.143.204
firstlogin: 1518722254025.000000
lastlogin: 1518722254026.000000
...
