---
password: 909766e931acbcd31c4447fe787f38ec87bdcbbe5a637724a4210f4671e2d854
ip: 14.183.58.93
firstlogin: 1519525539351.000000
lastlogin: 1519709334450.000000
...
