---
password: 316c01377d65286dee79a760e0c2cd3ce3d1820554325b2da5c5ee3fee319c8d
ip: 59.153.233.250
firstlogin: 1518963256499.000000
lastlogin: 1520171176239.000000
...
