---
password: 316c01377d65286dee79a760e0c2cd3ce3d1820554325b2da5c5ee3fee319c8d
ip: 59.153.234.29
firstlogin: 1518970129498.000000
lastlogin: 1518970129499.000000
...
