---
password: 8c586a074ed73366348cecd0dc6574b53d7515e313bafc4fa95191887cfd3989
ip: 187.113.65.194
firstlogin: 1520727920029.000000
lastlogin: 1520727920030.000000
...
