---
password: 5e53f916729a9c4cf9ee850892480c05130977c3557fd4e12cccaa416aade8c9
ip: 179.104.113.216
firstlogin: 1518974087492.000000
lastlogin: 1518974087493.000000
...
