---
password: 2334e32211ff7cfb839d08dfb86cb99ebe3b5965e0a166889264885a573ceb15
ip: 14.187.85.240
firstlogin: 1519474304763.000000
lastlogin: 1520035380017.000000
...
