---
password: 7f8efbe89cb3f69099576f207ea21bbe51cb2dc5a5664c2abe0a91738ea07a8d
ip: 118.71.129.211
firstlogin: 1519568098028.000000
lastlogin: 1521801168866.000000
...
