---
password: 1718c24b10aeb8099e3fc44960ab6949ab76a267352459f203ea1036bec382c2
ip: 41.97.86.243
firstlogin: 1519126566425.000000
lastlogin: 1519126566427.000000
...
