---
password: 2ebf1ff9d5e8a1f29fc8b62dda14adfd470a87c1c88bdbe9de876d20eebf1ebf
ip: 14.168.72.236
firstlogin: 1519477212301.000000
lastlogin: 1519616867046.000000
...
