---
password: 932f3c1b56257ce8539ac269d7aab42550dacf8818d075f0bdf1990562aae3ef
ip: 42.118.158.58
firstlogin: 1519866054843.000000
lastlogin: 1519866054844.000000
...
