---
9:
  X: 154.053900
  "Y": 11.000000
  Z: 139.170800
  Yaw: 96
  Pitch: 4
ender:
  X: 301.336300
  "Y": 57.062500
  Z: 259.872300
  Yaw: 96
  Pitch: 41
Skyblock:
  X: 1773.557300
  "Y": 69.289100
  Z: 1212.004900
  Yaw: 358
  Pitch: 0
...
